1 10
100 200
201 210
900 1000
614 880
37 858
448 95
909 729
809 808
677 490
707 452
657 315
816 657
851 989
881 456
647 227
402 572
370 977
51 528
367 767
95 224
383 181
799 697
925 7
1 2 
3 4
5 6 
7 8
9 10 
999999 999999
50 50 
100 100
100000 100000
73009 40817 
60206 32765 
62540 76130 
91135 105002 
321793 322251 
88736 49727 
763094 761012 
61366 81533 
92064 35684 
78113 103852 
338688 336906 
629187 629125
474896 467260
484290 488511
492889 505537
500357 518131
523402 524323
527918 520063
530236 539262
548309 549149
563483 557670
563379 561955
586816 577015
590655 592272
595274 594995
616374 607801
623280 620000
632595 632324
658702 654466
681470 679428
681707 685388
704895 712019
716117 722423
721723 729329
732582 740222
751854 753308
767839 768206
768540 771230
772964 771726
785502 791784
806625 806099
812895 816792
820697 828807
97467 66601
573317 570492
298490 295499
103348 32172
741222 739299
66249 86990
40743 53144
14412 59479
110294 11017
110991 76376
59426 28067
80154 68977
897525 897490
755199 754552
80308 19593
18859 28828
86317 106312
36421 68972
382853 386966
22765 34986
33062 84303
98738 110751
55382 84292
51735 38602
